
=== Training Parameters (20250409_152305) ===
delta: 0.029872245153151455
epochs: 26
batch_size: 64
timestamp: 2025-04-09 15:23:05
mae: 1.0798481702804565
mape: 1.1091
mse: 2.2403945922851562
rmse: 1.4968
r2_score: -0.0577
