
=== Training Parameters (20250406_192240) ===
delta: 0.991747971764415
epochs: 95
batch_size: 16
timestamp: 2025-04-06 19:22:40

=== Iteration 50 Results ===
train_loss: 0.0377
mae: 1.0225615501403809
mape: 1.0503
mse: 1.9105894565582275
rmse: 1.3822
r2_score: 0.0980
