
=== Training Parameters (20250409_110443) ===
delta: 0.5641977334198052
epochs: 37
batch_size: 64
timestamp: 2025-04-09 11:04:43
mae: 0.9559760689735413
mape: 0.9827
mse: 1.768785834312439
rmse: 1.3300
r2_score: 0.1649
